    unsorted:	 39.47841884 39.47841884 39.47841884 39.47841884 39.47841884 39.47841884 39.47841884 39.47841884 39.47841884 39.47841884 39.47841884 39.47841884 39.47841884 39.47841884 39.47841884 0.04271891972 0.05183369135 6.666757891 11.75193303 58.28763539 91.84270126 123.1622465 153.1371310 361.7610435 455.2482105 595.3271572 546.6741696 665.9592485 840.8204130 956.2770278 1178.988736 1396.924257 5614.488284 8005.837067 9260.006641 14657.41526 20735.00832 27126.07980 57600.63493
      sorted:	 0.04271891972 0.05183369135 6.666757891 11.75193303 39.47841884 39.47841884 39.47841884 39.47841884 39.47841884 39.47841884 39.47841884 39.47841884 39.47841884 39.47841884 39.47841884 39.47841884 39.47841884 39.47841884 39.47841884 58.28763539 91.84270126 123.1622465 153.1371310 361.7610435 455.2482105 546.6741696 595.3271572 665.9592485 840.8204130 956.2770278 1178.988736 1396.924257 5614.488284 8005.837067 9260.006641 14657.41526 20735.00832 27126.07980 57600.63493
