    unsorted:	 39.47841884 39.47841884 39.47841884 39.47841884 39.47841884 39.47841884 39.47841884 39.47841884 39.47841884 39.47841884 39.47841884 39.47841884 0.04288302433 0.05136616454 6.666891706 11.75193690 58.28758418 91.84275086 123.1622361 153.1371313 361.7609687 455.2481658 595.3270011 546.6735195 665.9594194 840.8202929 956.2767304 1178.988196 1396.923431 5614.486556 8005.836619 9260.005365 14657.41660 20735.00886 27126.07558 57600.64454
      sorted:	 0.04288302433 0.05136616454 6.666891706 11.75193690 39.47841884 39.47841884 39.47841884 39.47841884 39.47841884 39.47841884 39.47841884 39.47841884 39.47841884 39.47841884 39.47841884 39.47841884 58.28758418 91.84275086 123.1622361 153.1371313 361.7609687 455.2481658 546.6735195 595.3270011 665.9594194 840.8202929 956.2767304 1178.988196 1396.923431 5614.486556 8005.836619 9260.005365 14657.41660 20735.00886 27126.07558 57600.64454
