    unsorted:	 39.47841884 39.47841884 39.47841884 39.47841884 39.47841884 39.47841884 39.47841884 39.47841884 39.47841884 39.47841884 39.47841884 39.47841884 39.47841884 39.47841884 39.47841884 0.04234872410 0.05191497658 6.666817553 11.75192183 58.28752318 91.84270067 123.1622425 153.1370647 361.7609469 455.2478617 595.3267898 546.6741038 665.9592554 840.8203987 956.2768985 1178.988675 1396.924017 5614.488036 8005.838181 9260.006301 14657.41488 20735.00801 27126.07901 57600.63427
      sorted:	 0.04234872410 0.05191497658 6.666817553 11.75192183 39.47841884 39.47841884 39.47841884 39.47841884 39.47841884 39.47841884 39.47841884 39.47841884 39.47841884 39.47841884 39.47841884 39.47841884 39.47841884 39.47841884 39.47841884 58.28752318 91.84270067 123.1622425 153.1370647 361.7609469 455.2478617 546.6741038 595.3267898 665.9592554 840.8203987 956.2768985 1178.988675 1396.924017 5614.488036 8005.838181 9260.006301 14657.41488 20735.00801 27126.07901 57600.63427
