    unsorted:	 39.47841884 39.47841884 39.47841884 39.47841884 39.47841884 39.47841884 39.47841884 39.47841884 39.47841884 39.47841884 39.47841884 39.47841884 39.47841884 39.47841884 39.47841884 0.04238671597 0.05243576172 6.666642888 11.75196511 58.28754311 91.84276123 123.1622537 153.1369575 361.7610678 455.2484849 595.3273418 546.6743787 665.9599267 840.8202385 956.2772234 1178.989054 1396.923822 5614.488223 8005.837832 9260.006726 14657.41375 20735.01023 27126.08275 57600.62795
      sorted:	 0.04238671597 0.05243576172 6.666642888 11.75196511 39.47841884 39.47841884 39.47841884 39.47841884 39.47841884 39.47841884 39.47841884 39.47841884 39.47841884 39.47841884 39.47841884 39.47841884 39.47841884 39.47841884 39.47841884 58.28754311 91.84276123 123.1622537 153.1369575 361.7610678 455.2484849 546.6743787 595.3273418 665.9599267 840.8202385 956.2772234 1178.989054 1396.923822 5614.488223 8005.837832 9260.006726 14657.41375 20735.01023 27126.08275 57600.62795
